0
0
0
0
0
0
0
0
0
0
0
0
0
0
0
0
1665496
1665496
64402828
64402828
64402828
239353702
239353702
110981850
110981850
110981850
-217657944
-217657944
-110904808
-110904808
-110904808
217657944
217657944
110904808
110904808
110904808
-217657944
-217657944
-110904808
-110904808
-110904808
217657944
217657944
110904808
110904808
110904808
-217657944
-217657944
-110904808
-110904808
-110904808
217657944
217657944
110904808
110904808
110904808
-217657944
-217657944
-110904808
-110904808
-110904808
217657944
217657944
110904808
110904808
110904808
-217657944
-217657944
-110904808
-110904808
-110904808
217657944
217657944
110904808
110904808
110904808
-217657944
-217657944
-110904808
-110904808
-110904808
217657944
217657944
110904808
110904808
110904808
-217657944
-217657944
-110904808
-110904808
-110904808
217657944
217657944
110904808
110904808
110904808
-217657944
-217657944
-110904808
-110904808
